Plik: 0
32
1 4 3 2 

Plik: 1
1299
3 17 14 9 8 15 4 11 6 16 7 5 18 19 1 2 10 13 20 12 

Plik: 2
1365
19 14 6 20 3 18 12 10 17 7 15 9 1 13 16 5 4 11 2 8 

Plik: 3
1142
3 16 18 10 20 12 1 7 4 5 9 19 2 14 17 6 11 13 8 15 

Plik: 4
1304
13 9 16 11 17 19 10 15 1 12 7 5 20 2 3 8 6 14 4 18 

Plik: 5
1258
5 3 13 12 15 10 19 9 18 7 17 4 16 6 2 14 11 8 1 20 

Plik: 6
1210
14 11 5 20 8 17 13 16 6 7 1 9 12 18 10 4 15 19 2 3 

Plik: 7
1254
5 15 2 11 16 1 20 14 13 8 6 9 7 17 19 12 4 3 18 10 

Plik: 8
1223
2 12 6 17 9 10 18 4 16 19 7 8 14 5 20 15 13 1 3 11 

Plik: 9
1282
4 2 12 8 7 16 17 14 20 18 1 10 9 15 3 13 6 11 5 19 

Plik: 10
1151
5 11 7 12 19 16 6 1 13 10 15 2 8 3 4 18 14 17 20 9 

Plik: 11
1643
18 5 9 3 6 2 12 17 15 10 20 13 8 14 19 11 4 7 1 16 

Plik: 12
1722
17 12 5 13 9 11 15 20 7 19 10 2 3 16 1 6 8 14 4 18 

Plik: 13
1534
4 7 9 2 16 5 12 13 11 15 1 20 6 14 17 10 3 18 19 8 

Plik: 14
1457
18 20 3 4 9 10 12 13 7 15 1 19 11 16 6 2 8 14 5 17 

Plik: 15
1485
16 8 13 17 18 20 10 6 1 7 2 15 3 14 19 11 9 12 4 5 

Plik: 16
1481
8 19 6 14 13 20 5 11 10 9 7 18 4 3 17 16 2 15 1 12 

Plik: 17
1537
19 6 7 4 17 10 8 18 1 3 9 2 5 16 14 20 15 13 11 12 

Plik: 18
1609
8 7 18 14 20 4 17 2 5 9 19 3 6 11 1 13 15 10 16 12 

Plik: 19
1647
14 12 8 17 4 11 2 20 15 19 16 18 7 10 3 13 1 5 6 9 

Plik: 20
1642
19 5 13 8 6 16 4 7 20 17 3 14 2 9 10 18 1 15 12 11 

Plik: 21
2416
16 15 10 8 9 12 13 11 5 1 20 14 2 18 17 6 7 19 3 4 

Plik: 22
2151
18 11 13 4 1 12 16 19 15 5 6 14 3 10 20 7 9 8 17 2 

Plik: 23
2424
18 8 5 19 14 4 20 13 11 1 17 2 16 15 9 3 12 10 6 7 

Plik: 24
2249
14 3 18 5 8 13 12 2 6 4 20 15 1 7 19 16 10 17 9 11 

Plik: 25
2374
10 9 19 20 11 15 13 4 18 5 2 3 17 12 1 7 16 14 6 8 

Plik: 26
2354
18 2 4 6 8 15 10 3 5 20 1 14 13 9 11 17 16 7 12 19 

Plik: 27
2408
10 12 4 16 5 6 19 18 7 2 11 14 15 20 8 9 3 17 1 13 

Plik: 28
2249
4 2 16 10 20 5 1 14 6 7 3 11 17 19 13 12 8 18 15 9 

Plik: 29
2306
1 17 11 8 2 13 14 18 3 7 16 9 10 6 15 4 12 19 20 5 

Plik: 30
2277
6 3 17 8 19 15 12 9 10 16 1 2 13 5 7 18 4 11 20 14 

Plik: 31
2733
10 36 24 30 50 38 39 32 40 29 46 17 31 18 12 41 26 22 5 13 8 44 2 34 42 43 9 21 25 6 27 28 4 1 11 45 14 15 47 16 33 7 49 48 20 23 35 19 37 3 

Plik: 32
2882
33 50 38 42 15 37 36 6 49 10 5 45 8 2 14 22 28 7 44 20 43 32 39 46 34 29 17 27 35 16 13 40 31 30 19 9 41 21 24 18 25 23 11 48 26 3 1 47 12 4 

Plik: 33
2623
27 8 2 24 37 23 16 15 18 22 30 36 41 6 1 35 17 48 3 31 13 46 33 20 29 34 49 5 26 10 11 4 7 45 32 25 9 40 47 43 19 38 50 28 42 44 12 14 21 39 

Plik: 34
2777
42 3 22 23 50 26 30 9 27 25 14 34 12 7 41 2 16 19 32 35 18 36 15 28 4 11 46 24 39 20 47 38 10 31 37 1 6 5 45 33 29 48 8 17 49 43 13 40 21 44 

Plik: 35
2890
48 3 23 46 44 28 29 36 27 19 50 9 10 30 32 21 34 38 1 24 18 39 31 20 8 40 4 41 16 12 13 35 14 2 43 22 47 37 11 15 26 6 5 17 25 49 45 33 7 42 

Plik: 36
2839
41 4 21 1 28 33 5 35 25 30 22 29 23 50 48 24 36 46 43 20 39 10 16 19 8 34 11 3 9 15 6 49 38 18 7 17 13 45 44 37 2 32 26 14 42 47 40 27 12 31 

Plik: 37
2763
37 25 20 34 27 42 13 43 18 15 45 49 21 5 32 39 7 23 6 30 12 46 33 9 10 31 35 11 3 44 48 29 17 14 26 36 40 8 2 16 24 47 22 19 50 4 28 38 1 41 

Plik: 38
2695
47 7 34 43 36 30 10 15 26 27 8 33 5 31 50 1 14 9 18 25 20 39 49 37 3 46 28 44 19 16 29 45 12 48 6 11 41 21 24 32 23 42 35 22 13 17 2 4 38 40 

Plik: 39
2571
46 1 13 10 3 16 8 44 24 41 33 4 45 39 27 47 43 7 29 15 40 34 6 5 42 22 2 20 30 36 26 48 18 25 12 19 17 32 11 37 21 49 38 23 28 9 35 14 50 31 

Plik: 40
2795
6 2 50 34 1 44 19 31 36 30 33 32 48 27 8 39 35 43 22 37 3 15 20 29 49 21 28 11 10 5 24 18 7 40 4 38 46 17 41 16 42 47 13 14 9 26 45 12 23 25 

Plik: 41
3119
20 42 33 30 29 15 35 22 2 12 4 41 14 49 25 38 6 43 36 13 34 31 10 44 32 28 23 9 18 17 11 40 3 21 26 47 16 5 46 45 48 50 8 1 27 37 7 19 24 39 

Plik: 42
2997
35 28 12 47 49 33 20 23 11 18 1 25 39 34 43 46 10 19 44 21 5 29 38 6 50 8 4 36 42 32 37 24 9 27 40 15 41 13 26 17 16 14 22 31 45 2 30 3 48 7 

Plik: 43
2996
24 4 28 25 46 11 20 1 38 17 10 45 41 3 32 33 29 9 42 22 19 31 18 23 49 5 26 7 37 35 30 34 2 40 12 48 47 16 43 13 27 15 50 39 44 14 6 36 21 8 

Plik: 44
3215
5 22 6 23 10 19 13 46 39 44 28 8 20 36 37 31 48 40 9 41 3 16 29 30 1 12 34 14 2 25 47 38 15 7 35 26 32 21 4 11 43 17 49 27 18 24 45 50 33 42 

Plik: 45
3185
42 6 25 31 48 1 10 46 14 44 7 33 11 9 49 20 8 18 5 17 27 4 16 47 40 36 24 38 3 28 12 35 15 13 2 45 39 21 29 41 37 19 26 43 30 34 22 50 23 32 

Plik: 46
3169
3 5 24 42 39 44 40 34 2 45 33 25 50 9 47 49 21 46 10 13 1 29 19 6 32 30 37 20 28 41 22 38 26 11 36 43 48 12 14 27 17 8 31 4 18 15 35 16 23 7 

Plik: 47
3231
2 37 26 6 33 32 40 17 9 16 20 46 22 8 49 21 24 31 19 1 5 42 10 14 43 47 4 15 35 50 7 25 45 28 29 44 3 30 11 39 48 36 38 27 12 34 13 41 18 23 

Plik: 48
3169
26 6 47 34 43 14 44 1 25 45 11 18 32 15 48 2 37 8 50 10 13 35 23 12 33 3 29 42 19 16 24 49 9 30 22 46 4 17 31 20 27 28 36 5 38 41 7 21 40 39 

Plik: 49
3009
44 27 33 18 22 31 21 45 47 1 37 9 20 6 28 48 4 46 36 32 30 16 8 7 23 39 3 2 11 17 40 35 41 5 14 12 26 42 19 24 34 50 15 13 10 43 38 49 25 29 

Plik: 50
3209
49 11 42 6 8 22 12 20 30 24 41 16 34 23 17 13 1 32 44 26 47 3 48 7 36 25 4 43 37 39 40 10 35 27 29 28 21 9 38 33 46 5 2 15 31 14 19 18 50 45 

Plik: 51
4066
35 15 37 50 10 49 31 41 42 46 45 47 36 32 29 33 43 6 21 5 26 1 16 13 14 24 34 48 2 8 38 7 39 20 40 22 17 23 18 11 27 19 9 4 12 30 44 25 28 3 

Plik: 52
3893
33 32 20 43 38 37 45 50 14 36 1 39 17 11 41 42 26 15 6 44 35 23 46 29 7 5 30 49 25 47 18 10 22 12 13 19 34 48 2 28 4 16 21 31 3 40 24 27 8 9 

Plik: 53
3882
24 16 27 46 25 22 4 15 8 31 3 45 28 21 49 14 2 12 35 17 23 32 11 9 38 36 47 1 43 48 10 44 34 20 6 37 18 33 41 5 29 19 30 13 42 39 40 7 50 26 

Plik: 54
3913
20 45 24 30 8 21 50 19 40 4 39 14 48 36 49 17 16 22 3 13 12 44 33 32 31 11 43 46 35 10 38 29 15 9 6 1 27 7 5 23 2 41 37 18 42 26 47 25 34 28 

Plik: 55
3868
40 48 2 4 28 49 15 39 32 20 34 45 18 10 22 6 5 19 38 37 7 46 8 47 43 9 33 44 26 23 27 21 50 3 25 14 24 16 42 41 31 12 29 36 13 17 1 30 35 11 

Plik: 56
3846
37 14 50 21 39 45 3 18 8 5 42 4 16 20 40 47 24 33 32 6 46 28 15 23 26 36 1 25 30 31 7 49 13 29 19 43 27 17 11 41 22 10 34 9 48 2 35 44 12 38 

Plik: 57
3957
4 20 15 2 23 12 29 1 11 5 8 14 28 45 49 27 22 13 34 35 38 26 24 36 31 41 50 19 17 30 32 37 40 48 47 18 3 39 21 46 7 9 10 6 33 42 43 25 44 16 

Plik: 58
3983
39 32 15 20 26 18 38 4 1 22 2 28 12 21 30 37 6 8 24 33 42 48 19 43 5 25 29 49 35 13 9 50 7 3 17 41 31 16 27 44 47 36 14 23 45 34 40 10 11 46 

Plik: 59
3969
3 37 14 8 28 32 26 6 31 7 1 46 18 9 38 24 49 5 21 13 42 41 48 34 10 36 22 16 29 30 27 39 17 33 4 40 11 50 23 12 47 43 45 19 2 20 25 15 44 35 

Plik: 60
3994
36 12 41 33 1 19 8 22 42 4 48 2 39 37 31 3 15 50 29 5 27 9 32 44 38 18 14 25 17 6 23 40 10 28 47 21 46 20 7 24 26 16 30 49 35 43 13 11 45 34 

Plik: 61
5519
10 93 60 44 50 71 68 20 24 40 66 46 72 65 58 12 29 90 55 33 19 35 34 5 16 87 64 28 26 85 32 96 21 14 53 80 95 42 13 88 74 98 4 8 47 99 3 62 39 77 15 97 69 54 83 6 49 38 7 36 31 27 17 51 78 18 45 94 89 25 52 48 11 67 37 2 22 70 91 9 92 73 82 41 81 43 86 100 57 75 76 63 56 23 79 1 59 61 84 30 

Plik: 62
5284
46 16 88 33 45 77 15 86 40 92 83 74 39 58 10 43 80 5 20 69 76 25 29 8 68 100 79 61 37 31 93 66 52 7 34 54 67 12 51 42 90 28 57 9 65 14 70 24 59 6 3 1 94 47 78 56 85 89 48 98 97 23 27 95 11 91 32 36 22 35 81 71 55 26 96 41 50 38 18 87 63 84 21 4 64 2 30 49 44 17 62 82 13 53 72 75 73 19 60 99 

Plik: 63
5221
94 82 68 28 41 12 89 17 54 51 1 10 11 38 25 97 60 30 90 57 61 65 31 32 14 16 88 62 100 59 45 40 86 92 21 34 75 95 19 67 9 22 93 71 18 47 99 6 24 7 56 80 44 74 70 15 53 69 49 39 58 46 77 5 78 29 81 84 79 33 76 20 4 50 3 66 91 63 72 85 87 73 96 26 37 27 52 35 83 98 8 64 48 36 2 23 43 55 13 42 

Plik: 64
5023
20 96 21 51 57 16 37 18 74 67 85 45 59 52 23 87 65 78 28 49 79 95 66 82 9 88 83 81 70 22 7 73 32 31 35 92 98 46 10 2 26 69 64 40 97 11 3 94 62 72 1 44 4 75 12 19 76 6 17 50 90 89 39 43 15 80 68 100 48 55 41 5 47 71 60 25 84 86 8 53 29 34 24 30 91 36 33 99 13 54 27 58 63 61 42 77 14 93 56 38 

Plik: 65
5296
74 72 21 1 2 98 24 51 77 12 11 41 87 57 10 68 94 16 82 86 67 64 5 78 39 29 8 88 97 4 84 44 100 56 47 99 69 92 7 30 55 27 93 85 54 48 46 91 38 20 71 96 25 19 73 60 3 65 35 95 23 40 26 15 81 59 45 37 34 9 42 43 14 80 31 33 89 6 32 62 13 49 36 90 28 66 70 52 53 61 18 17 63 76 22 75 58 83 50 79 

Plik: 66
5139
54 49 73 70 1 47 92 21 69 20 93 57 83 90 8 39 72 4 80 6 53 91 56 85 26 86 88 61 65 37 3 97 2 99 94 95 42 50 34 29 98 76 44 7 78 31 68 67 5 96 19 71 100 9 14 17 23 16 40 82 77 81 27 33 22 28 45 30 12 36 59 48 64 25 35 62 10 13 84 55 63 43 75 60 74 41 24 52 15 66 87 11 18 89 38 46 79 58 51 32 

Plik: 67
5272
79 35 50 6 19 41 28 13 20 2 89 98 77 16 85 12 91 11 24 3 40 99 32 45 8 100 92 29 42 10 69 49 27 46 18 67 68 53 94 9 87 78 36 73 30 93 43 86 60 37 26 84 56 52 63 39 57 74 65 25 23 34 51 59 88 31 95 83 44 33 54 48 4 90 17 82 58 47 97 72 70 61 1 38 66 21 81 75 14 76 96 80 62 22 5 64 7 71 15 55 

Plik: 68
5137
29 82 21 83 87 26 53 86 74 8 50 42 97 91 30 64 52 27 98 85 35 80 17 73 67 41 46 12 6 76 75 45 9 56 22 25 70 1 14 47 49 96 79 65 32 34 100 59 69 43 2 7 36 18 57 31 93 13 68 62 54 44 16 15 20 39 19 48 92 90 89 72 84 77 24 71 88 11 33 5 51 37 60 23 3 58 81 78 94 10 4 38 63 28 55 99 61 66 40 95 

Plik: 69
5481
48 70 19 6 40 21 9 29 41 60 84 24 57 75 58 72 51 1 44 53 63 10 47 2 4 59 90 39 28 97 54 80 95 43 73 35 83 34 49 5 69 100 93 81 85 65 32 96 23 45 11 79 33 92 98 86 12 67 68 87 36 50 20 61 71 37 66 42 52 31 88 78 74 16 38 94 99 30 14 25 13 62 7 76 64 91 89 3 22 26 77 15 27 46 82 55 18 56 8 17 

Plik: 70
5347
20 74 70 75 83 78 31 55 29 56 4 51 58 90 68 24 32 23 98 91 44 42 11 54 28 87 15 49 81 94 67 73 57 60 18 26 22 72 93 80 43 79 19 9 1 66 100 64 50 88 99 63 33 13 84 71 95 40 34 53 76 48 41 61 82 17 97 6 39 30 45 5 36 14 16 69 77 3 52 59 86 96 21 89 37 25 8 85 38 7 10 12 65 92 35 47 2 62 46 27 

Plik: 71
5832
70 21 37 45 58 77 44 15 35 34 83 36 47 43 5 82 31 38 81 84 56 18 51 42 57 2 93 88 52 17 72 95 20 80 28 89 33 14 73 60 41 92 96 97 29 6 76 32 22 39 55 85 87 98 71 66 75 79 23 49 50 7 100 67 16 61 86 1 65 46 19 11 4 25 53 10 68 54 8 74 90 91 9 48 27 62 13 24 64 40 99 94 3 78 69 63 30 59 26 12 

Plik: 72
5469
95 69 46 80 4 8 12 86 49 54 87 98 65 27 74 89 77 71 76 91 78 17 3 16 66 85 43 60 62 73 68 57 61 18 47 22 33 34 97 26 90 11 67 52 19 82 96 83 55 100 79 13 29 36 75 81 25 15 59 39 94 93 2 6 51 37 72 42 48 32 88 14 1 41 30 70 58 53 5 45 10 31 20 44 35 9 50 92 84 40 28 56 23 63 64 24 21 38 7 99 

Plik: 73
5693
45 58 39 96 49 4 56 64 66 22 92 54 87 73 51 27 74 41 48 29 78 15 18 38 61 5 16 90 99 23 9 32 95 2 13 50 14 59 91 84 53 10 3 26 93 17 52 85 37 28 62 69 100 31 42 35 7 75 19 33 68 8 47 34 71 30 1 79 94 25 72 43 77 60 40 57 36 67 86 11 70 44 82 12 98 65 80 76 63 97 20 89 88 83 24 46 21 81 6 55 

Plik: 74
5949
5 39 2 90 92 32 81 47 19 53 38 55 7 80 76 14 63 58 24 93 94 17 96 22 6 31 25 28 98 71 97 21 100 66 75 43 88 67 34 83 40 89 15 36 52 51 99 9 48 4 59 16 50 13 74 84 1 45 86 78 26 82 87 54 91 70 57 20 11 35 27 60 49 42 77 18 73 8 37 33 46 72 10 79 69 61 65 3 12 44 23 41 29 30 68 64 56 62 95 85 

Plik: 75
5658
79 33 95 42 83 75 31 97 91 80 87 51 90 36 30 22 13 76 94 25 23 48 88 26 5 29 9 20 63 14 99 28 45 56 18 57 10 1 44 85 7 41 72 24 84 21 2 93 37 38 43 55 27 73 66 19 58 39 71 62 12 4 59 82 34 17 68 77 61 81 16 60 89 35 69 15 96 54 70 8 64 40 53 78 52 74 46 6 49 86 65 100 11 92 47 98 67 32 50 3 

Plik: 76
5386
78 47 9 24 53 57 86 97 18 85 40 6 36 77 43 22 38 64 15 19 41 4 8 75 90 20 60 25 39 68 98 67 52 29 49 79 45 2 84 76 30 55 87 99 94 37 73 35 21 62 72 28 89 71 50 46 23 58 80 88 48 3 69 31 93 1 27 5 13 14 63 17 51 61 91 92 81 10 11 100 83 56 66 16 95 54 42 74 33 7 96 34 70 26 12 32 59 44 82 65 

Plik: 77
5746
53 99 35 1 47 95 67 56 83 22 5 39 62 52 86 64 6 65 14 27 97 25 48 38 69 32 7 49 55 37 41 33 28 4 81 68 18 70 26 17 92 42 77 31 21 50 11 24 43 8 44 66 9 94 19 61 30 93 46 63 57 45 74 20 100 90 36 91 34 78 15 40 96 51 82 98 10 75 60 71 89 23 72 3 2 58 80 16 73 85 29 87 54 84 13 59 79 88 76 12 

Plik: 78
5766
73 99 67 41 10 90 78 55 39 48 3 31 23 65 56 14 100 70 15 97 13 83 96 28 5 63 33 71 6 91 11 38 77 85 32 98 2 74 50 35 37 16 68 47 54 81 93 12 26 76 86 72 30 94 57 92 87 75 36 18 22 9 62 89 60 4 52 43 84 8 29 40 88 42 34 58 95 82 46 21 51 49 1 44 27 61 17 25 64 80 69 45 19 20 7 24 59 79 66 53 

Plik: 79
6000
54 40 46 38 64 75 21 6 23 5 80 48 84 37 1 24 18 12 49 62 66 98 57 44 10 16 29 68 15 86 31 33 79 56 52 87 100 43 77 76 81 65 95 36 67 94 78 74 42 25 96 97 30 73 69 28 89 71 85 61 34 59 83 4 20 50 82 35 22 41 32 13 92 26 88 14 45 93 47 39 2 27 8 7 63 58 91 11 51 72 53 55 17 70 3 60 19 99 90 9 

Plik: 80
5903
63 84 57 97 28 66 71 89 8 14 52 9 81 100 78 22 17 30 94 79 47 54 10 15 68 24 2 92 64 55 76 31 36 16 73 46 48 87 80 4 7 96 88 29 72 21 13 50 32 20 34 40 60 83 18 37 5 45 11 35 27 53 85 44 67 70 23 25 58 1 51 39 49 95 61 93 33 86 12 98 90 43 74 19 3 65 59 41 38 75 69 77 56 26 82 6 99 42 91 62 

Plik: 81
6557
22 54 78 59 33 41 11 79 3 5 40 83 35 80 27 47 60 100 74 86 19 21 61 24 99 89 46 10 31 63 34 49 18 9 50 37 12 32 8 96 66 82 39 67 58 91 20 30 70 56 2 15 1 51 95 7 81 16 45 6 17 44 57 53 62 28 14 23 85 76 4 48 64 71 65 38 94 88 43 55 92 97 93 90 75 77 29 26 87 68 13 84 98 25 69 52 73 42 72 36 

Plik: 82
6550
50 49 69 82 66 75 68 59 100 89 36 76 62 99 1 46 23 3 14 29 96 58 79 15 70 87 64 34 42 5 91 27 53 10 13 47 32 65 19 97 31 9 93 25 90 80 92 95 20 45 72 54 40 26 77 22 83 98 41 51 63 71 30 52 35 44 74 7 78 57 81 38 85 33 67 84 86 61 2 43 48 28 39 37 56 8 17 60 12 73 11 4 24 16 88 18 6 21 94 55 

Plik: 83
6608
64 87 10 75 4 23 56 97 37 5 92 61 32 31 21 40 12 69 67 76 20 44 29 91 54 51 94 53 57 71 22 66 43 70 15 58 42 80 86 28 48 41 46 62 3 30 24 9 81 55 47 17 1 13 99 25 2 19 63 93 98 8 11 88 36 33 77 6 73 27 7 39 89 52 96 16 84 35 85 60 49 59 72 78 26 82 34 74 90 68 79 38 50 100 14 65 45 95 83 18 

Plik: 84
6582
69 60 29 1 36 44 5 96 16 51 57 90 43 21 68 86 88 78 64 54 45 59 20 39 100 32 63 70 42 7 17 2 91 12 84 52 58 73 9 87 22 15 26 23 6 50 77 55 13 31 95 46 10 74 41 83 38 89 76 24 98 14 93 99 49 79 85 71 56 11 72 65 3 28 92 37 4 66 61 81 25 18 8 35 82 40 67 94 19 34 47 53 48 30 80 62 27 75 33 97 

Plik: 85
6677
64 38 32 72 62 74 10 98 12 30 9 58 50 65 91 67 42 39 54 2 52 61 90 70 46 3 55 16 14 66 28 40 69 86 5 44 78 33 75 80 92 26 97 95 36 22 45 20 57 53 68 37 79 94 47 23 25 29 15 27 85 31 21 18 81 93 76 83 4 82 99 60 41 100 88 49 1 17 43 59 48 6 8 51 24 89 35 87 7 84 11 56 13 71 19 34 96 73 77 63 

Plik: 86
6690
56 83 86 23 26 88 8 32 39 12 43 29 89 7 84 72 33 78 37 42 31 92 67 15 45 19 27 2 80 4 82 71 44 55 65 98 10 76 34 52 18 60 96 99 13 81 57 22 74 30 68 100 14 69 97 75 93 17 16 20 79 25 70 36 5 24 54 28 49 58 38 87 3 1 94 47 40 48 91 95 51 21 62 85 64 35 77 46 9 53 66 11 6 50 41 59 63 73 90 61 

Plik: 87
6558
57 49 80 93 85 48 100 45 95 59 88 27 96 51 39 13 29 16 89 9 65 14 77 23 82 46 20 28 30 47 22 97 21 12 87 17 54 73 32 6 7 38 1 60 26 24 99 41 43 50 62 58 91 8 61 72 86 90 67 34 3 84 94 92 44 11 42 55 40 69 36 19 18 5 53 52 31 83 79 2 81 98 66 4 15 37 10 64 56 71 74 33 68 63 75 78 35 70 76 25 

Plik: 88
6760
72 78 18 73 67 90 14 44 56 22 21 98 12 33 3 5 100 87 48 4 15 40 41 25 39 62 68 45 19 35 93 37 81 9 30 24 69 31 8 50 28 95 53 36 55 71 61 59 60 7 65 29 10 1 23 83 88 54 96 57 46 32 13 27 63 84 91 74 86 51 89 6 17 99 66 34 76 11 38 77 75 52 2 80 70 49 92 16 58 85 43 82 97 42 79 64 94 20 47 26 

Plik: 89
6647
50 43 54 88 80 7 96 41 21 19 90 75 74 64 95 33 70 65 89 47 10 59 36 17 42 79 86 99 31 40 34 68 23 20 97 44 63 2 56 26 58 4 14 38 61 8 82 12 69 39 3 76 83 55 94 25 32 18 24 46 28 62 57 9 16 11 22 85 30 93 15 78 53 51 52 73 37 87 60 81 71 84 77 49 92 100 1 6 27 29 45 91 48 13 67 72 5 35 66 98 

Plik: 90
6731
6 34 57 54 51 46 64 77 75 72 17 24 1 89 82 27 70 88 20 99 96 58 100 12 60 35 62 47 56 7 21 25 74 30 79 18 92 14 78 98 87 67 37 13 86 40 65 15 94 52 5 63 31 95 42 85 84 10 16 9 2 45 32 26 33 80 43 53 23 8 83 97 73 38 11 22 4 48 39 68 41 71 50 69 76 44 3 66 49 90 61 36 19 29 91 81 55 93 28 59 

Plik: 91
10967
23 148 73 188 1 49 190 124 6 110 33 30 160 71 87 131 125 182 137 90 113 195 197 57 146 159 156 103 149 178 67 77 36 142 191 180 140 155 43 152 169 170 98 47 173 37 3 65 198 34 161 183 163 172 91 100 69 96 147 150 134 162 104 66 85 74 41 135 164 83 16 120 14 186 64 27 194 42 93 50 200 21 132 97 107 92 154 25 48 82 8 187 18 19 171 115 15 138 193 38 13 31 174 121 189 153 177 105 116 185 119 51 144 10 181 40 118 32 2 12 128 166 45 20 117 11 44 122 53 17 108 79 58 101 62 175 106 5 35 199 192 56 112 179 7 196 70 143 145 54 88 4 102 46 61 24 60 184 94 109 75 126 114 76 95 9 176 86 89 63 59 84 123 80 81 127 26 72 55 151 22 141 28 52 139 165 111 68 158 157 130 133 129 39 99 167 29 168 136 78 

Plik: 92
10724
22 20 170 42 166 27 158 155 9 69 143 184 140 141 144 93 114 33 181 97 127 5 1 77 91 150 25 112 37 142 21 194 40 34 125 99 48 188 67 145 31 55 104 44 133 11 65 119 57 122 88 54 182 190 118 50 178 130 111 14 23 94 148 136 146 179 200 101 131 132 45 63 110 84 30 68 175 134 192 24 98 90 109 62 177 107 19 86 191 163 32 52 113 106 172 156 83 58 16 149 72 174 147 6 173 102 95 117 167 160 165 189 51 120 2 171 129 103 4 197 7 162 18 138 123 78 92 135 199 185 105 81 46 38 89 159 85 139 59 66 28 153 195 168 108 193 43 39 75 80 87 151 176 124 74 56 154 152 169 164 26 157 35 161 70 128 137 15 82 41 3 49 12 76 180 187 73 116 71 29 17 61 198 13 36 186 64 121 60 115 53 79 47 126 100 183 96 8 196 10 

Plik: 93
11076
97 95 83 157 62 133 2 44 39 125 119 4 1 20 126 159 36 8 129 50 184 57 166 185 78 69 43 89 33 15 187 100 102 82 128 141 88 51 183 153 191 3 98 140 104 96 121 103 68 174 61 60 189 66 21 42 108 85 151 180 14 86 101 114 147 93 29 59 134 146 13 161 58 132 124 49 188 38 74 164 99 199 27 110 163 70 111 63 34 158 123 179 75 9 54 120 162 71 73 23 90 118 197 65 45 79 167 112 122 144 177 109 6 80 195 156 53 94 105 182 31 87 196 181 165 48 138 76 143 107 155 35 194 130 190 46 47 139 16 24 11 81 106 117 137 148 171 30 10 142 7 145 127 149 131 22 67 55 136 56 41 172 168 12 17 169 152 193 40 5 26 170 72 64 115 77 200 37 192 19 113 116 186 160 178 32 150 84 154 28 176 25 92 52 198 175 18 173 91 135 

Plik: 94
11057
7 50 160 90 196 102 136 153 158 131 11 192 17 173 189 43 10 56 91 147 76 111 134 199 71 25 144 161 168 120 64 188 32 69 145 92 137 115 61 187 130 103 133 24 178 107 99 87 59 125 132 36 62 165 74 106 119 108 38 163 82 151 15 170 190 185 142 126 58 180 195 124 176 14 67 3 96 159 44 86 146 118 33 75 194 116 191 55 155 128 29 8 184 197 20 5 149 41 200 85 97 35 47 174 27 2 21 30 78 42 19 37 84 66 79 123 48 179 80 28 138 110 73 72 93 34 9 49 1 148 186 89 57 141 109 46 166 175 114 121 152 40 143 12 16 172 129 100 154 127 31 63 164 177 95 65 139 53 167 113 68 171 77 60 83 101 22 140 169 52 157 156 26 6 117 162 182 88 104 70 150 94 51 23 181 183 135 122 112 45 54 39 98 193 4 198 18 81 105 13 

Plik: 95
10627
198 193 192 144 99 12 11 172 46 32 74 35 51 184 154 55 70 114 92 58 146 79 101 111 132 72 3 57 61 130 150 40 200 26 4 157 80 110 175 95 178 17 186 65 106 181 103 135 7 25 33 42 194 143 119 22 2 152 98 138 139 160 108 16 71 28 81 37 21 187 148 196 118 102 156 163 44 15 38 1 120 83 18 48 87 49 165 86 52 170 173 56 121 88 10 8 153 142 23 93 77 126 41 137 43 76 169 183 45 54 164 179 91 147 191 127 60 34 180 185 161 104 190 39 68 151 177 62 89 47 199 27 133 63 162 112 9 53 129 166 145 20 188 115 19 158 105 24 176 123 100 197 134 50 66 141 140 113 36 5 171 75 128 59 122 116 85 189 78 82 136 167 195 67 13 97 131 69 159 125 96 29 31 64 155 149 107 73 14 6 182 124 109 117 174 168 94 84 90 30 

Plik: 96
10474
21 85 9 93 36 52 126 143 158 115 78 47 102 100 18 26 132 72 95 67 60 174 164 73 172 112 29 109 176 190 173 91 25 183 39 168 114 99 159 178 127 77 63 92 162 111 187 170 46 153 192 146 34 11 66 182 101 167 139 175 128 136 149 165 120 2 129 166 197 6 200 130 104 62 151 1 48 74 105 71 184 198 157 116 191 17 199 106 134 23 31 180 110 163 131 41 179 56 150 169 15 5 125 88 189 144 80 123 113 117 148 24 96 86 138 8 57 44 37 7 81 84 188 32 90 181 185 156 194 50 45 171 98 97 22 35 38 16 75 193 27 140 119 58 161 154 83 79 14 19 12 145 82 142 177 196 155 65 69 121 42 108 70 59 107 64 55 137 49 3 30 76 33 20 186 118 4 54 124 103 51 53 43 133 141 61 122 160 195 152 10 94 87 13 135 40 89 28 147 68 

Plik: 97
10965
198 147 135 165 60 15 173 63 133 97 117 18 88 27 80 25 187 107 101 75 36 131 11 41 56 85 114 119 31 143 71 155 52 154 100 197 123 179 76 116 105 184 23 127 61 13 159 20 167 196 62 49 144 39 169 178 145 112 37 50 111 51 108 194 38 162 163 189 181 53 91 115 30 40 161 10 160 140 78 148 33 89 45 177 83 122 42 24 192 16 200 170 136 142 73 130 86 110 176 153 7 129 3 79 132 99 26 93 120 29 150 70 199 106 72 151 183 182 74 191 158 17 157 66 12 152 139 65 188 6 32 34 125 175 4 190 54 113 67 2 121 166 43 82 48 156 174 84 146 47 102 87 103 172 81 1 137 94 19 186 21 55 128 64 180 164 77 118 14 195 28 104 124 141 22 95 69 68 138 171 59 8 134 185 96 5 90 193 109 92 149 44 9 126 57 58 35 46 98 168 

Plik: 98
10855
112 65 131 43 19 184 2 93 185 90 163 87 73 179 168 25 170 166 47 151 10 68 181 16 67 118 28 141 64 150 21 106 8 70 50 76 101 7 125 137 60 48 183 55 96 190 23 119 116 102 156 33 31 143 83 62 189 29 97 128 177 121 134 195 194 167 51 188 45 122 9 186 61 89 174 92 80 22 180 159 71 36 6 88 155 120 27 187 81 135 193 35 91 5 126 149 53 38 24 115 40 133 99 49 110 164 117 154 77 147 32 107 104 15 54 138 86 113 157 79 146 200 123 78 57 98 100 39 20 18 42 4 160 142 41 172 124 3 158 140 136 130 199 56 17 127 69 95 139 173 59 161 52 63 162 13 14 44 26 198 132 144 171 84 175 72 12 192 178 145 109 37 129 196 74 169 75 94 66 34 165 152 176 46 153 191 30 182 111 82 197 58 103 85 11 148 114 105 1 108 

Plik: 99
10564
97 199 141 3 178 20 39 126 62 110 174 144 22 184 124 158 162 157 34 91 12 84 129 5 169 19 64 44 171 17 163 41 55 198 118 28 21 49 168 133 105 80 200 194 31 116 189 192 136 111 86 125 121 185 11 140 148 94 37 123 96 164 67 25 77 187 98 113 138 24 181 48 88 122 100 83 159 149 188 58 145 186 135 30 71 46 68 146 104 92 196 60 101 160 156 69 72 45 134 70 137 175 47 33 130 43 142 108 16 10 54 53 90 153 112 95 102 195 52 179 89 6 166 32 66 8 36 114 143 197 61 75 161 173 81 93 50 147 120 65 152 103 117 85 167 182 82 139 23 7 109 63 79 131 132 183 150 15 38 13 177 4 176 190 14 172 51 99 1 35 29 57 151 180 74 59 2 191 42 193 9 87 27 128 107 115 106 73 56 78 154 119 26 76 127 170 18 40 165 155 

Plik: 100
10817
149 46 193 39 143 148 138 65 60 76 127 182 12 83 111 168 179 132 24 74 43 69 87 14 174 177 109 105 121 199 119 131 139 171 25 86 166 5 101 85 3 89 152 10 61 38 142 186 19 188 157 51 53 106 165 196 77 164 68 32 123 9 88 161 103 1 172 7 151 57 197 58 136 158 141 154 98 195 31 29 94 75 135 167 8 187 11 18 116 4 185 162 117 96 33 128 181 16 112 133 122 110 41 82 198 170 200 23 67 137 153 95 48 15 35 55 107 45 84 26 70 113 17 183 118 178 49 44 102 120 2 93 160 159 100 191 146 114 34 50 163 80 91 78 173 36 156 115 30 144 145 175 21 72 134 56 104 40 190 6 20 108 79 37 169 42 13 81 90 129 180 124 184 99 92 63 47 189 150 59 28 64 194 22 176 192 71 66 125 27 130 73 62 54 97 155 140 52 147 126 

Plik: 101
11595
83 76 150 151 166 99 126 33 147 122 131 79 63 57 89 182 97 9 111 13 167 94 88 190 46 120 163 144 91 96 107 25 170 86 137 133 74 85 22 2 123 20 49 56 92 194 128 187 5 66 72 145 112 105 132 7 121 59 109 101 135 184 152 18 102 146 181 188 162 10 14 61 80 87 136 173 106 44 180 35 93 157 30 155 197 42 43 95 29 185 31 103 172 4 54 16 195 164 179 117 58 183 37 129 108 169 98 17 70 168 178 24 148 115 143 198 125 138 51 40 75 156 110 82 175 19 6 154 28 3 62 177 199 176 48 118 104 21 36 8 38 153 140 50 130 161 78 47 158 67 100 34 52 39 186 69 141 124 23 142 41 127 32 15 119 149 189 26 1 77 81 139 12 160 71 73 171 113 116 200 159 90 53 68 134 11 196 55 192 191 84 64 60 174 65 45 114 27 193 165 

Plik: 102
11681
56 184 171 168 74 136 118 54 50 18 43 60 11 176 78 119 146 197 73 135 98 92 25 4 144 52 123 162 174 124 100 101 20 155 70 61 193 187 154 63 182 34 163 169 29 141 15 195 132 58 107 94 38 108 196 186 23 170 45 31 76 178 156 158 149 90 55 188 13 51 116 79 185 8 33 95 59 125 150 81 122 71 88 190 10 113 177 181 189 128 97 40 46 39 138 167 28 192 83 1 91 6 12 183 134 66 75 200 2 41 131 126 67 24 179 96 117 26 89 109 160 159 30 93 152 153 64 82 198 72 5 127 17 87 130 16 9 112 68 104 103 84 22 161 57 172 145 49 47 191 111 65 32 53 114 110 48 194 199 137 148 99 42 147 142 105 143 69 120 37 175 151 129 19 77 44 115 80 14 27 86 139 102 173 164 3 35 85 121 62 165 157 21 166 106 36 133 180 7 140 

Plik: 103
11890
113 49 108 132 107 43 4 146 126 161 57 64 15 198 65 47 109 187 85 96 119 91 117 195 174 23 179 71 105 18 133 190 104 184 101 77 114 12 67 79 44 129 36 34 30 118 20 138 80 100 183 188 160 63 137 163 14 82 152 2 24 144 13 189 106 58 46 156 66 181 145 81 125 3 185 155 158 147 29 182 74 193 173 86 84 89 99 171 124 45 154 134 180 159 194 191 197 31 172 6 178 97 128 140 55 127 16 192 141 150 90 123 19 72 39 168 199 165 62 88 75 95 143 5 52 102 94 68 28 116 70 130 170 37 131 38 122 54 7 164 50 157 153 136 56 93 151 149 135 8 111 11 21 27 175 98 51 78 186 59 169 162 9 196 121 110 139 26 69 176 166 112 115 103 61 41 1 32 73 60 92 10 167 33 83 148 42 25 76 53 200 17 177 48 22 40 87 120 142 35 

Plik: 104
11790
47 78 16 111 7 20 84 174 137 168 33 4 153 6 17 165 175 177 66 37 57 183 8 185 145 43 198 107 105 50 147 55 104 155 23 115 196 87 19 95 143 97 85 67 166 62 101 150 197 191 170 40 77 172 140 45 38 112 131 59 15 21 69 35 13 163 92 48 44 114 122 56 46 18 110 194 75 60 124 91 70 180 179 119 130 83 151 128 86 98 11 10 14 173 157 103 30 25 26 132 74 186 27 126 58 5 116 36 146 187 22 53 108 82 89 121 102 12 34 149 181 188 152 138 42 32 90 79 125 41 2 171 144 123 28 76 158 100 120 184 117 148 189 29 96 182 141 195 154 51 161 61 199 64 193 167 118 127 129 162 190 94 3 134 72 136 200 80 81 192 9 73 39 106 88 156 31 169 1 68 160 139 54 164 65 142 176 135 99 63 113 49 24 71 93 159 133 52 109 178 

Plik: 105
11624
162 185 134 171 128 31 48 107 45 176 97 26 144 70 77 86 83 6 100 116 155 80 27 158 173 180 105 110 156 118 11 163 103 175 25 174 150 122 19 139 75 192 99 14 38 142 102 62 131 22 43 151 91 74 196 47 53 17 10 125 120 191 63 3 41 154 133 129 178 8 104 121 160 56 40 21 50 193 85 72 5 190 69 55 30 108 109 15 111 57 147 13 24 182 94 20 145 198 73 64 188 59 183 78 179 143 9 161 89 132 200 138 28 12 33 146 35 58 60 88 184 71 172 135 164 136 126 37 187 76 84 42 177 115 61 34 82 166 130 68 95 96 112 157 159 32 18 123 4 152 36 66 93 170 140 79 149 67 90 194 98 189 195 1 197 186 124 51 7 113 44 119 153 87 46 127 65 114 181 54 29 92 106 169 2 117 165 167 16 137 101 199 141 168 52 49 39 23 81 148 

Plik: 106
11721
98 152 117 157 180 190 176 134 72 60 140 181 88 82 101 192 195 128 35 58 92 191 137 200 114 23 119 121 108 197 53 62 46 147 141 143 86 32 16 61 174 71 123 151 142 12 44 158 127 4 107 154 50 102 161 196 31 177 43 64 94 41 78 95 169 51 26 48 138 145 188 21 59 165 73 144 40 18 39 36 3 167 160 29 69 80 5 47 97 110 189 17 22 120 54 122 164 163 103 10 185 182 63 8 109 130 24 66 100 49 37 111 91 99 20 179 166 149 133 153 56 135 105 171 131 118 7 193 28 132 136 65 93 115 124 148 96 87 106 159 113 173 175 168 27 55 25 42 104 129 30 156 199 125 57 90 162 2 75 172 84 1 68 13 74 184 33 89 198 67 194 146 77 139 34 70 19 112 15 79 183 126 38 178 6 76 83 14 11 45 150 186 85 170 9 52 81 116 155 187 

Plik: 107
11792
200 23 9 65 190 66 86 143 149 27 196 124 140 155 46 14 32 110 193 70 40 199 94 89 20 59 131 106 161 16 134 102 10 109 117 189 48 18 12 30 84 167 163 151 154 42 166 136 67 35 15 4 108 77 11 56 176 175 115 101 69 169 95 141 68 138 105 52 168 157 184 122 186 152 188 178 71 87 153 146 76 36 37 191 142 45 182 114 41 137 29 80 28 183 50 121 144 99 162 145 180 111 119 51 129 112 57 98 159 22 125 88 107 100 83 61 1 53 6 185 72 158 60 177 3 7 63 44 170 47 74 130 24 81 91 49 150 127 75 33 116 39 21 164 85 82 194 31 171 78 92 38 17 103 172 156 118 58 198 64 43 8 104 90 25 55 195 79 187 165 148 97 54 174 62 73 93 123 147 96 179 181 128 26 19 133 5 160 197 173 135 139 126 192 113 2 132 13 34 120 

Plik: 108
11834
119 52 136 102 146 30 196 4 115 122 192 114 191 54 94 76 112 28 187 200 26 18 49 20 44 7 29 90 17 182 105 141 1 172 129 135 53 124 173 199 62 131 6 164 78 8 197 98 117 74 92 16 23 85 126 13 21 159 180 140 170 81 61 154 147 153 87 171 42 142 166 99 167 107 41 195 174 88 56 86 188 68 103 118 179 149 48 12 139 116 40 144 75 72 186 69 162 96 14 181 31 148 120 27 130 161 123 184 185 15 134 194 64 158 169 89 79 43 57 71 108 177 39 63 33 5 125 38 110 106 113 34 46 145 3 83 91 47 157 82 132 93 165 2 101 80 60 77 189 160 67 143 121 97 24 58 37 178 35 45 190 137 95 138 19 55 111 198 156 151 73 51 10 100 22 150 175 155 109 152 104 9 168 36 176 66 133 59 84 70 25 11 127 163 65 32 128 193 50 183 

Plik: 109
11678
103 190 109 10 98 76 23 132 28 144 54 62 177 123 175 67 46 19 91 149 45 75 136 64 51 115 21 4 146 90 86 105 186 200 170 191 35 96 159 199 6 161 48 68 121 12 162 139 194 155 61 74 14 106 133 130 17 60 27 26 158 42 70 193 39 84 116 72 196 36 102 181 178 31 66 113 25 157 104 15 82 141 119 97 100 134 79 93 188 112 57 169 95 118 182 88 176 13 110 179 29 80 41 30 77 187 65 44 53 137 47 9 143 127 52 33 125 126 38 37 164 69 22 198 56 128 171 43 63 150 185 49 40 124 156 174 195 184 152 168 138 59 85 5 117 32 140 145 114 167 3 101 131 18 7 148 78 81 189 92 183 87 160 1 163 107 99 11 172 55 71 192 142 120 122 73 34 94 111 135 108 166 154 147 151 89 197 83 173 129 24 58 16 153 20 50 2 180 165 8 

Plik: 110
11953
162 130 50 120 132 45 142 131 14 159 196 8 103 9 3 127 71 68 144 51 171 168 30 32 192 35 107 114 37 178 183 117 96 91 43 166 10 102 98 140 72 84 56 145 55 128 126 85 52 115 125 106 182 2 53 97 155 83 67 200 190 185 173 36 108 4 121 19 167 123 148 25 149 163 188 153 62 66 112 28 86 138 59 110 33 24 1 39 88 15 34 116 109 133 5 175 119 13 44 152 197 90 47 63 170 79 194 73 64 54 17 184 179 76 70 187 99 26 81 82 129 118 181 46 20 157 135 93 41 42 104 136 60 18 111 195 16 87 48 176 199 12 77 61 11 147 89 78 158 156 57 105 49 180 151 193 58 23 143 80 134 69 122 146 169 186 161 164 139 101 31 92 150 160 7 65 113 38 124 177 154 29 22 172 198 40 95 75 74 191 137 100 165 27 21 189 141 94 6 174 

Plik: 111
26708
145 288 183 321 315 172 242 231 407 411 393 16 53 440 106 159 335 327 475 215 61 58 347 430 331 257 34 125 392 256 413 94 447 325 88 304 489 62 341 124 14 113 298 423 372 63 357 369 442 309 381 261 116 216 13 485 204 302 83 67 2 28 264 444 191 449 151 144 70 456 318 114 99 143 91 382 192 196 225 198 378 450 255 453 122 278 273 455 189 267 234 140 43 377 153 123 286 251 473 359 10 470 174 405 158 344 280 316 137 248 101 163 227 499 60 217 96 21 329 85 48 439 336 30 36 222 295 170 73 52 365 209 346 276 157 111 90 31 214 434 374 5 474 461 398 481 226 12 134 401 155 414 446 1 232 339 486 388 376 493 358 201 412 175 408 482 480 303 293 274 402 390 165 76 166 25 410 458 57 433 308 238 187 337 333 161 221 100 466 69 500 210 22 197 296 419 350 468 194 17 148 37 373 254 74 384 494 297 457 164 107 370 169 105 235 409 68 299 15 345 394 112 259 89 437 186 487 50 46 56 488 386 236 404 126 104 275 320 465 45 319 87 285 6 375 314 162 98 371 460 496 167 129 397 324 258 224 59 66 271 448 484 491 200 237 211 246 97 307 326 7 176 355 435 351 82 150 127 141 219 498 206 207 415 361 363 81 93 51 313 432 8 492 301 367 279 472 179 119 495 310 24 243 33 429 213 265 416 35 3 478 441 294 130 138 120 230 418 178 80 252 146 353 328 422 180 360 195 173 220 464 270 212 239 188 253 332 352 42 497 168 29 483 11 322 133 18 202 49 139 396 65 306 199 311 128 349 27 287 229 218 445 283 421 110 428 362 102 4 132 79 193 38 86 44 334 117 152 406 452 277 305 185 366 323 479 149 78 427 131 41 268 443 490 75 383 356 47 32 20 181 290 247 64 182 250 330 340 420 403 203 72 241 54 292 205 354 92 426 471 260 240 477 343 208 467 154 109 9 272 77 115 284 233 438 39 249 71 108 23 454 177 348 262 156 368 266 342 436 385 269 364 451 147 395 380 338 19 184 171 476 160 399 289 281 469 136 190 459 135 424 312 103 245 425 431 26 121 282 142 118 291 317 463 379 387 40 400 95 389 84 263 391 244 462 223 55 228 417 300 

Plik: 112
27175
8 468 4 57 399 184 64 307 289 230 224 54 143 244 90 313 430 388 162 73 88 171 168 334 18 161 282 355 159 419 120 140 309 471 215 287 62 106 350 358 32 386 362 487 365 204 49 322 74 343 431 463 352 274 189 319 42 269 65 186 101 364 360 300 497 133 421 464 61 467 69 422 248 214 92 439 153 394 86 95 448 466 483 267 210 45 76 103 449 340 198 151 310 363 280 55 356 111 25 150 357 196 112 292 450 349 117 24 323 492 331 265 81 403 6 407 417 286 443 157 444 353 222 490 303 325 442 341 346 500 415 308 97 405 366 188 263 328 200 370 240 227 192 491 234 191 495 122 384 236 216 249 425 125 396 277 301 440 459 347 207 400 455 149 295 12 116 124 393 359 15 9 165 456 178 21 11 13 107 131 412 185 486 315 427 441 387 428 327 225 100 304 342 167 177 376 367 17 209 485 105 413 344 121 311 477 475 494 66 26 187 22 254 219 220 174 183 166 237 135 379 51 213 172 129 285 278 306 14 369 114 98 126 476 321 294 146 58 72 5 317 158 329 264 320 326 424 284 41 433 79 266 385 354 3 436 272 397 493 335 155 283 470 68 137 404 71 297 462 208 391 259 154 465 217 59 374 179 46 130 469 29 257 372 132 383 23 180 247 34 351 241 452 423 271 256 255 228 330 281 84 275 460 451 52 410 290 50 1 337 152 96 128 243 141 377 85 273 348 20 288 239 226 175 312 401 201 195 293 268 246 389 31 37 102 238 262 176 99 43 324 338 250 108 339 260 478 402 147 499 94 375 453 10 40 298 474 361 87 245 434 203 211 296 231 156 181 426 411 142 118 390 345 368 7 480 47 182 115 380 38 447 136 479 489 446 16 305 302 119 484 199 2 458 110 382 91 173 127 381 409 145 33 472 437 251 123 333 83 144 316 261 134 70 418 258 194 336 190 454 414 89 406 205 82 233 416 19 299 218 229 435 373 138 496 104 80 39 60 206 212 420 314 202 270 109 113 482 432 148 169 318 197 44 232 398 253 164 139 276 488 67 221 395 498 35 78 242 53 392 461 332 223 371 445 77 378 457 93 28 27 235 48 438 429 170 36 252 481 56 75 30 279 163 408 473 291 160 193 63 

Plik: 113
26963
31 162 38 329 89 389 99 431 192 274 261 163 295 445 253 482 337 365 368 55 186 66 81 494 437 225 421 71 238 28 288 393 44 366 317 425 424 316 309 269 87 21 72 303 106 127 378 347 260 193 395 244 9 209 145 158 2 207 486 65 483 48 373 357 310 56 448 211 490 361 117 187 281 477 369 76 355 464 356 185 385 349 152 251 344 321 181 308 315 305 398 190 96 466 277 130 402 443 227 30 312 69 376 460 338 136 299 46 51 372 91 166 401 189 407 396 144 275 228 58 147 47 50 404 442 67 122 4 433 367 37 465 16 194 500 13 352 93 222 132 82 492 134 97 142 379 203 215 173 264 14 118 59 139 29 328 481 111 70 164 268 491 199 333 149 342 7 495 224 95 220 23 493 177 471 129 34 435 314 294 256 45 102 83 335 226 107 273 286 182 406 326 33 453 399 449 168 161 175 420 444 240 306 320 325 386 484 278 3 487 439 414 1 216 92 179 270 416 262 300 272 258 77 137 434 154 63 351 218 54 400 446 124 241 133 49 61 472 423 456 242 345 302 418 440 473 319 234 419 184 411 450 213 417 221 291 195 114 200 25 498 105 254 19 86 470 109 78 237 358 348 108 463 146 79 409 468 371 156 265 188 375 354 53 438 40 283 322 113 462 370 403 381 390 52 331 408 248 119 429 180 110 374 412 246 5 267 426 307 135 116 17 334 148 250 392 311 341 15 330 74 204 235 499 489 18 364 340 159 359 457 422 217 363 415 346 20 480 202 191 476 388 174 339 382 24 131 452 247 458 27 236 103 98 171 259 160 405 485 112 362 41 153 115 165 323 26 80 150 427 298 297 121 343 292 167 128 141 304 85 214 73 455 35 172 301 157 430 42 229 377 249 197 327 383 447 94 394 380 8 436 252 57 39 223 22 313 126 496 62 413 125 474 104 266 257 88 318 467 451 243 205 75 280 90 151 10 478 11 64 219 387 68 397 441 230 497 479 138 120 170 212 461 332 245 384 178 289 233 276 282 6 12 239 36 469 208 123 206 231 284 353 176 183 100 410 428 324 287 432 293 350 285 296 84 271 488 43 391 279 210 232 60 198 336 32 360 201 140 143 263 459 290 155 196 454 255 169 101 475 

Plik: 114
26913
1 165 203 442 289 420 299 392 480 344 31 481 270 133 461 479 191 148 293 268 433 434 98 126 383 358 151 278 342 443 273 120 163 19 260 446 277 44 500 359 336 234 223 114 21 78 113 388 139 184 118 193 258 220 170 40 331 8 124 272 150 285 282 180 11 263 496 292 244 484 427 132 194 394 491 346 325 226 3 367 172 51 27 57 452 73 140 138 103 409 115 333 60 245 149 110 457 109 396 254 330 102 470 419 64 424 300 471 5 391 356 156 351 142 473 216 414 74 297 111 127 89 411 463 87 295 71 376 176 386 68 183 66 315 10 212 402 4 99 327 90 365 308 241 408 275 482 104 136 250 283 332 441 200 197 447 157 72 97 395 196 320 294 321 436 488 352 94 316 54 217 219 430 264 445 304 425 161 204 167 67 83 322 238 372 159 112 413 236 20 467 222 343 119 455 43 81 39 494 437 499 360 188 153 134 23 267 202 42 252 152 199 147 206 155 410 123 144 485 30 412 77 347 405 242 364 288 261 146 210 135 247 450 47 56 373 33 218 207 465 310 418 380 195 32 12 237 6 486 80 326 221 107 338 368 435 69 305 59 362 181 37 302 205 232 489 281 371 117 256 9 178 63 498 100 18 416 431 61 95 348 448 337 28 390 130 2 387 459 389 323 303 105 478 36 65 319 177 251 211 483 257 309 381 233 26 369 466 477 214 162 62 35 404 45 24 209 472 52 16 462 86 14 189 366 421 271 284 129 422 143 290 314 403 48 29 340 166 301 182 168 243 490 13 398 313 353 269 169 406 160 229 186 91 201 208 92 231 355 417 379 255 328 291 128 374 175 265 70 248 192 55 341 164 469 213 75 15 378 79 53 235 492 415 423 41 439 357 158 171 225 401 296 106 307 224 22 350 187 154 85 84 287 354 286 324 444 384 116 495 464 393 76 377 122 185 173 276 131 363 440 50 306 93 58 174 179 246 96 215 399 259 108 329 474 280 349 429 397 25 493 475 438 34 407 339 334 101 227 230 137 312 458 497 451 454 317 249 432 453 279 318 240 456 375 400 274 382 449 253 17 49 468 88 46 125 476 311 487 298 82 385 7 198 335 228 361 239 426 266 121 460 38 428 145 370 141 190 262 345 

Plik: 115
26829
114 116 433 95 226 444 100 327 57 102 299 63 468 483 191 240 402 334 271 274 65 473 448 341 84 497 31 369 313 280 8 32 427 81 391 197 12 343 143 390 321 303 396 333 399 93 316 309 482 449 4 429 480 235 305 144 360 223 281 243 362 401 172 254 145 204 120 153 33 424 476 458 183 242 398 349 322 463 266 148 278 382 336 317 105 76 311 205 413 117 103 3 167 251 195 231 181 297 224 246 381 41 229 107 354 359 268 460 371 34 289 56 130 49 171 287 365 151 233 118 157 87 318 73 106 282 138 185 276 46 193 82 79 176 66 469 61 474 98 22 59 310 6 285 446 296 320 136 445 78 44 237 258 91 366 454 67 457 412 217 410 443 361 131 346 186 210 211 196 385 294 452 407 199 208 244 489 435 77 451 168 364 156 155 68 163 372 434 339 262 404 356 122 420 330 272 358 440 459 357 352 54 286 55 142 19 113 328 30 36 150 110 178 128 437 477 173 494 9 438 479 353 141 21 13 5 442 86 431 232 295 25 426 379 248 441 368 207 439 257 135 203 180 394 253 408 465 160 350 387 377 239 332 209 158 161 277 75 206 411 238 298 491 484 455 42 338 132 419 101 423 470 422 288 28 367 290 7 337 200 216 392 436 80 471 314 154 415 456 115 464 395 414 124 74 212 453 324 225 119 331 432 123 92 315 447 24 389 51 222 378 487 187 109 363 85 165 89 301 104 492 499 425 374 421 263 416 345 293 265 245 47 53 162 129 335 383 27 252 48 300 37 495 384 58 220 319 326 72 164 96 10 219 35 490 466 428 16 179 134 90 291 166 133 88 488 323 344 380 400 250 283 255 430 388 43 292 14 307 417 97 304 202 472 121 38 147 214 486 370 386 461 228 83 236 152 481 17 218 140 127 70 39 284 62 221 256 192 496 64 198 393 340 1 194 23 478 174 40 125 230 342 261 403 308 475 50 111 170 201 18 302 126 418 227 247 182 26 375 215 270 260 189 269 485 159 267 405 406 20 139 69 241 175 306 60 52 188 329 273 94 11 493 373 279 2 325 45 108 234 213 264 351 397 500 112 450 467 409 355 184 462 249 376 190 137 29 169 347 275 99 312 498 259 177 348 71 149 146 15 

Plik: 116
26966
369 80 451 476 156 37 133 63 83 357 348 320 43 468 207 177 219 298 12 296 363 229 362 312 193 495 393 26 277 117 24 459 268 240 273 14 316 285 330 388 218 9 282 445 471 197 490 23 137 479 149 484 51 225 118 84 247 337 283 332 104 91 116 38 377 261 134 40 287 174 415 284 263 400 95 138 109 44 489 4 428 366 294 381 478 402 463 448 301 319 41 39 103 473 143 452 306 446 356 27 404 204 426 59 441 127 7 110 30 380 421 439 212 331 361 407 220 145 397 179 238 281 19 1 411 278 99 8 365 318 17 61 497 317 203 170 460 494 417 275 392 105 469 257 465 132 78 224 89 498 139 79 130 290 230 55 475 53 302 338 383 248 470 232 147 122 385 36 425 371 64 187 3 447 249 335 102 107 11 199 112 136 480 349 231 205 390 201 423 173 93 46 142 387 466 20 453 288 66 167 325 106 486 266 222 164 152 34 487 121 45 386 395 462 33 449 412 410 86 274 279 48 29 424 472 418 341 430 382 198 146 189 181 90 499 81 435 373 88 372 391 414 239 297 96 370 124 6 74 444 481 15 477 292 126 191 409 129 434 286 493 352 159 236 394 226 311 271 334 314 474 403 190 22 192 217 420 488 113 68 184 228 237 276 42 389 208 345 76 305 265 75 440 215 436 69 354 432 267 5 115 433 21 336 256 18 328 374 303 128 289 408 492 456 272 269 313 422 253 227 500 185 151 32 359 358 309 135 406 211 235 62 49 114 2 154 378 360 252 206 165 244 355 379 364 344 454 97 367 376 221 50 56 442 350 57 255 293 195 242 71 67 10 419 157 234 180 171 243 166 326 120 339 300 483 461 427 202 183 101 186 333 270 150 47 31 342 396 52 299 194 375 119 144 200 163 324 250 73 398 160 343 54 353 35 16 351 188 213 65 233 72 82 264 251 329 161 100 307 467 178 77 450 280 92 246 214 108 315 210 140 321 368 308 322 416 259 258 148 431 304 262 455 168 384 155 172 94 182 437 458 28 323 496 405 310 70 464 111 216 209 223 175 346 125 85 123 131 443 291 169 158 87 347 245 260 241 60 429 153 413 58 485 327 141 98 482 438 295 401 13 25 491 196 176 162 457 340 399 254 

Plik: 117
26722
464 326 182 432 278 116 119 444 112 312 141 237 64 360 473 438 303 142 344 500 241 97 350 337 57 416 477 89 219 145 85 397 405 277 292 475 325 217 192 415 379 454 222 176 140 169 266 2 419 173 228 330 356 339 17 155 209 369 26 499 4 156 152 412 71 481 256 223 310 493 136 447 257 213 42 355 185 132 106 151 118 243 216 178 196 296 347 321 491 365 398 103 244 43 206 188 47 334 445 177 171 420 340 144 343 233 408 471 236 281 293 253 437 378 273 316 44 263 376 123 184 231 461 212 342 472 287 289 336 440 421 264 351 328 180 381 19 194 324 187 50 139 288 362 201 269 490 455 245 460 160 76 33 402 56 215 341 346 54 388 40 428 218 109 483 367 87 95 349 208 488 238 372 271 319 55 426 162 391 239 466 167 35 417 272 494 290 166 442 30 295 474 359 214 478 83 380 457 65 221 227 158 370 275 193 382 242 120 489 159 393 12 74 148 133 137 406 286 125 399 498 9 46 164 463 36 10 72 124 246 418 181 282 86 314 279 392 294 84 307 301 308 29 129 131 443 268 345 143 163 333 14 220 7 59 31 449 134 67 211 1 240 400 280 234 186 446 414 108 311 41 111 439 175 68 135 329 409 429 250 199 235 459 480 407 183 170 58 126 482 354 309 327 130 485 197 25 262 364 389 204 127 452 189 5 77 191 371 101 492 468 138 338 462 258 79 304 361 453 373 157 229 383 66 291 451 179 147 435 28 207 317 385 150 11 60 487 53 430 467 302 198 128 297 154 284 70 386 332 24 411 470 102 413 99 63 82 94 32 90 195 200 323 249 224 476 20 276 448 146 353 306 368 92 61 318 358 202 104 75 261 384 425 424 315 15 260 149 51 100 37 21 450 255 39 331 254 153 497 394 395 122 322 404 274 423 226 232 270 165 433 320 22 374 81 484 495 300 298 248 48 52 285 203 441 190 168 299 38 225 401 172 13 98 456 465 80 458 267 3 357 91 114 23 210 403 45 73 27 348 62 34 265 436 107 93 117 16 431 252 174 377 335 422 247 396 305 110 49 161 283 375 410 434 78 251 366 115 352 18 205 105 230 390 469 387 121 113 96 486 6 313 427 363 479 259 8 88 69 496 

Plik: 118
27150
6 437 457 494 372 129 377 112 432 401 199 170 285 121 120 105 230 391 220 28 27 392 148 41 174 201 485 38 225 424 489 257 240 421 385 153 113 156 403 37 77 283 346 35 495 138 488 363 453 312 145 243 345 291 185 67 441 355 343 166 207 292 47 307 460 475 107 341 116 49 334 84 189 337 126 442 309 213 23 451 93 109 149 462 5 336 147 430 14 10 184 192 85 72 198 20 287 56 347 70 172 490 277 367 78 463 414 16 232 458 468 58 249 265 411 469 338 177 88 76 278 95 209 61 235 4 420 94 354 378 247 493 2 260 237 413 259 111 234 193 86 258 7 386 369 208 361 163 173 407 329 406 370 3 323 216 241 266 428 484 276 481 54 373 388 429 296 447 191 381 203 256 396 210 305 487 455 472 319 30 34 142 317 331 477 467 454 298 59 36 394 325 480 119 308 279 118 436 272 360 500 280 310 123 452 438 55 90 9 431 114 158 140 284 444 348 314 450 182 51 144 211 42 136 101 117 397 25 492 168 404 195 267 483 215 335 299 446 251 66 161 157 289 281 233 132 269 1 115 297 395 100 245 180 139 368 74 141 389 476 167 133 435 175 342 104 408 202 412 176 295 410 124 244 471 179 271 19 497 154 99 22 82 479 379 300 250 357 482 63 416 383 274 301 405 96 288 80 196 18 83 162 349 261 327 32 371 44 190 21 449 24 255 445 68 434 306 103 440 340 443 417 125 171 17 398 304 12 496 79 229 294 315 227 50 427 135 60 187 326 91 155 137 31 375 333 422 275 87 143 448 239 81 217 384 498 387 254 159 188 204 330 332 29 181 212 246 110 150 128 473 236 108 75 390 165 231 459 293 415 197 200 131 214 64 282 223 122 262 382 486 393 425 222 218 98 353 151 40 224 322 362 376 499 418 92 43 344 318 228 328 13 69 461 26 62 15 433 302 242 380 73 11 491 186 169 48 399 57 178 290 97 8 423 152 134 303 350 130 205 466 364 419 206 226 52 248 365 253 39 89 160 374 33 264 71 65 53 238 320 478 352 273 252 400 219 311 221 146 183 263 45 106 474 439 127 194 339 359 351 313 464 46 409 456 268 358 270 366 470 164 316 465 426 402 102 356 286 321 324 

Plik: 119
26557
224 431 297 428 274 344 267 500 395 215 232 147 104 23 493 110 7 461 129 350 211 260 220 316 458 17 178 343 362 36 86 291 322 308 265 105 166 214 367 457 28 38 176 370 465 498 287 420 252 483 435 327 423 153 248 279 44 182 407 227 383 278 285 76 61 157 277 373 57 228 21 323 444 256 307 39 380 134 305 31 257 419 463 304 482 143 339 381 208 294 22 107 81 365 51 191 242 135 453 338 313 149 194 442 154 288 124 58 186 29 152 474 100 16 66 244 160 317 121 496 355 489 63 216 177 361 262 204 351 142 282 180 218 148 98 378 73 284 85 238 136 97 146 127 293 173 290 159 389 312 450 384 187 332 329 421 261 271 19 417 236 358 441 409 119 416 359 454 40 405 298 91 75 345 394 41 281 196 456 69 404 88 34 406 250 96 340 79 330 94 376 50 390 203 190 263 342 213 398 4 269 64 42 412 280 369 251 133 387 192 83 301 356 247 326 35 446 67 448 116 234 306 451 286 334 206 366 476 43 314 164 230 432 117 156 315 118 438 172 268 401 400 9 188 99 485 272 337 348 255 472 414 354 246 59 477 55 33 102 495 229 497 353 283 459 410 484 56 161 24 74 396 71 254 235 470 80 82 328 52 130 393 14 449 131 331 487 375 243 239 357 11 452 205 481 223 84 138 90 151 207 221 273 10 193 222 15 411 8 491 413 486 114 49 219 439 123 386 309 318 303 464 447 184 165 295 462 62 311 391 490 335 103 430 480 499 87 418 466 469 128 434 46 112 364 183 189 5 92 437 333 101 436 245 106 479 422 341 427 455 132 443 347 237 299 115 494 429 70 171 137 266 202 225 468 473 336 122 18 170 324 302 209 20 155 6 179 200 478 321 292 270 68 426 240 388 217 2 12 360 174 374 162 310 54 296 37 264 433 259 158 402 89 139 212 27 78 108 13 425 141 320 95 319 349 258 168 185 210 26 392 415 276 372 1 195 300 126 169 233 424 32 140 377 253 145 198 163 408 363 199 325 144 48 488 382 403 241 47 167 93 399 471 3 385 352 371 30 181 346 72 379 467 150 201 125 492 249 25 226 45 53 440 77 111 445 275 475 397 289 368 460 120 60 113 197 231 175 109 65 

Plik: 120
27048
16 134 424 44 245 439 447 357 445 292 226 412 262 287 410 239 230 215 488 452 297 360 470 150 261 406 306 277 186 379 453 183 43 111 436 283 309 71 342 396 392 257 9 152 168 317 54 278 394 388 187 251 272 66 244 425 346 219 138 91 225 5 191 1 106 313 339 456 38 193 10 274 428 259 129 321 13 399 458 364 19 56 176 404 218 296 315 370 485 479 137 460 88 434 293 294 189 177 459 139 416 482 199 308 104 172 119 2 217 271 395 7 363 118 113 203 120 454 143 166 178 362 145 211 34 469 92 368 492 438 221 6 85 202 451 420 326 205 323 461 76 441 238 115 253 367 481 258 375 155 270 204 46 82 192 175 335 128 314 474 435 347 374 59 123 83 198 89 384 298 330 266 42 195 345 75 37 359 136 148 169 307 269 249 333 328 304 35 237 299 130 275 288 31 98 52 64 69 290 421 101 57 499 108 409 252 170 498 234 27 449 174 446 93 36 341 223 382 96 144 343 415 97 33 232 381 467 483 23 141 422 165 133 285 408 30 281 336 72 427 407 161 316 325 490 282 340 256 320 49 273 181 162 235 495 60 58 383 243 173 331 63 401 484 212 358 444 289 373 236 185 286 491 334 163 131 354 385 429 329 448 302 8 295 443 94 391 279 476 417 156 126 349 67 214 305 90 61 494 350 45 432 318 77 463 65 319 207 380 21 353 324 80 471 377 344 159 267 117 465 386 248 201 284 100 132 430 79 110 487 303 22 450 466 352 500 179 17 322 371 365 125 124 356 127 147 4 154 247 442 254 405 224 228 103 400 196 28 146 337 197 171 157 227 39 464 14 73 112 497 473 233 372 149 231 50 87 11 390 327 210 78 53 418 242 188 3 280 216 478 457 209 121 25 455 276 300 95 102 74 109 114 167 361 403 397 70 86 222 142 99 255 116 18 472 265 140 153 107 55 47 40 20 369 41 122 48 332 260 51 12 486 105 433 426 411 389 268 213 402 81 180 468 480 264 311 194 419 493 240 393 312 151 206 496 29 489 301 477 164 413 220 348 24 135 366 158 200 246 310 182 32 263 423 376 190 437 355 462 250 414 475 431 184 398 84 387 378 15 440 62 338 291 160 351 208 229 68 26 241 

